root@raspberrypi:/home/pi/myInt# ./ultrasonic_1.py 
Ultrasonic Measurement
./ultrasonic_1.py:27: RuntimeWarning: This channel is already in use, continuing anyway.  Use GPIO.setwarnings(False) to disable warnings.
  GPIO.setup(GPIO_TRIGGER,GPIO.OUT)  # Trigger
150.630200
297.862542
115.130556
113.106561
108.539283
114.766645
296.419168
113.928425
290.588427
74.703813
114.030647
114.476335
290.077317
287.484968
114.476335
116.124153
288.580787
36.149776
288.597143
103.293252
280.967295
290.433049
114.733934
114.496779
111.544609
288.531721
115.850198
287.108791
289.214563
295.801747
289.235008
288.016522
287.415457
263.802183
115.674376
166.237450
166.184294
166.163850
325.748694
166.629982
166.871226
52.546179
287.247813
289.369941
284.058487
289.647985
298.001564
115.420866
166.679049
111.679542
123.463690
289.680696
290.486205
290.060961
289.198208
289.132786
288.822031
166.077983
166.490960
166.221094
166.920292
166.490960
55.122173
121.627784
115.625310
327.151179
128.505278
166.662693
70.418668
292.236245



156.289208
101.203835
198.833990
288.188255
190.999699
265.360045
114.390469
114.271891
290.007806
290.829670
112.677228
115.420866
289.046919
157.708049
289.819717
200.534964
141.144001
164.176655
50.092852
125.794351
157.593560
300.553024
289.713407
113.208783
287.399101
289.852428
70.381868
289.713407
108.850038
288.310921

root@raspberrypi:/home/pi/myInt# ./cint
164.321991
165.138000
165.750000
164.832001
165.427002
164.713013
165.052994
163.897003
165.087006
164.610992
165.154999
165.154999
165.052994
165.052994
165.138000
164.951004
165.104004
164.933990
164.933990
165.087006
165.036011
165.274002
164.628006
165.733002
164.900009
164.797989
165.597000
165.018997
164.593994
164.542999
164.287994
164.848999
164.662003
165.036011
164.577011
164.628006
164.662003
164.645004
165.223007
164.457993
164.815002
164.577011
164.441010
164.389999
164.559998
165.036011
165.256989
165.188995
164.695999
165.036011
165.256989
163.811996
164.968002
165.001999
165.188995
164.746994
165.375992
165.052994
164.968002
165.154999
165.036011
165.036011
165.001999
164.933990
165.104004
165.121002
165.121002
165.834991
164.781006
164.968002
164.968002
163.862991
165.087006
165.036011
165.172012
164.968002
165.274002
164.933990
164.968002
164.968002
164.832001
165.104004
164.933990
164.865997
165.087006
163.523010
164.832001
164.832001
164.832001
165.001999
164.764008
164.985001
164.033005
164.509003
164.951004
164.882996
164.679001
162.469009
164.492004
164.713013
root@raspberrypi:/home/pi/myInt# ./cloop 
304.027985
103.461998
100.860992
209.423004
113.985001
104.073997
108.391998
103.546997
165.154999
337.178009
118.030998
276.368988
105.230003
104.329002
276.811005
104.499001
275.791016
276.335022
276.522003
277.338013
271.830017
103.938004
103.376999
276.080017
275.434021
272.713989
100.894997
274.380005
274.346008
275.145020
103.292000
276.045990
125.902000
196.434998
326.859009
245.361008
106.607002
108.238998
104.329002
280.601990
99.212006
164.900009
220.354004
102.952003
109.904999
276.488007
275.994995
274.566986
104.056999
104.499001
276.080017
103.819000
105.927002
276.895996
277.677979
104.090996
101.048004
275.858978
274.890015
281.996002
104.209999
274.635010
282.097992
265.302002
276.471008
276.607025
165.138000
130.084000
287.759003
102.306000
277.066010
276.368988
276.674988
102.254997
103.411003
275.264008
104.022995
276.045990
104.532997
108.596001
275.604004
277.184998
105.026001
276.607025
103.513000
105.518997
105.179001
103.853004
105.059998
105.485001
103.563995
102.407997
104.329002
276.845001
276.420013
276.539001
103.903999
103.275002
109.157005
271.337006
