./ultrasonic_1.py 
Ultrasonic Measurement
./ultrasonic_1.py:27: RuntimeWarning: This channel is already in use, continuing anyway.  Use GPIO.setwarnings(False) to disable warnings.
  GPIO.setup(GPIO_TRIGGER,GPIO.OUT)  # Trigger
166.131139
166.883492
166.544116
166.184294
166.953003
166.576827
166.989803
166.217005
166.163850
166.094339
142.329776
166.597271
166.597271
166.629982
166.511405
166.629982
166.989803
166.253805
167.059314
166.576827
166.098428
166.560471
166.646338
166.478693
166.163850
166.576827
166.597271
166.147494
166.699493
166.920292
166.253805
166.989803
166.560471
166.249716
165.464652
166.270161
166.253805
166.920292
167.059314
166.936648
166.253805
166.045272
166.609538
166.887581
167.141092
166.646338
166.683137
166.495049
166.818070
166.887581
166.511405
166.405094
166.695404
166.850781
166.151583
165.787673
166.167939
166.249716
166.544116
166.957092
166.135228
166.613626
166.580915
166.576827
166.478693
166.903937
164.912653
166.421449
166.474605
167.006159
166.957092
166.646338
166.969359
166.699493
166.527760
166.593182
166.597271
166.666782
166.989803
166.098428
166.200650
166.184294
166.903937
166.625893
166.662693
166.715848
166.098428
166.167939
166.507316
166.527760
166.511405
166.973448
166.953003
166.903937
167.296469
166.613626
166.527760
166.474605
166.490960
166.609538
root@raspberrypi:/home/pi/myInt# ./cloop 
165.324997
165.121002
165.087006
165.307999
165.154999
164.882996
165.274002
289.339996
165.154999
165.018997
165.138000
165.138000
165.205994
165.154999
165.172012
164.832001
165.307999
165.307999
165.375992
165.307999
165.324997
165.341995
165.069992
164.832001
164.916992
165.324997
237.507004
165.138000
165.307999
164.916992
165.307999
164.882996
165.291000
165.052994
164.865997
165.307999
164.882996
165.307999
165.495010
165.001999
164.900009
165.307999
165.172012
165.052994
164.882996
165.138000
165.154999
165.087006
165.392990
164.882996
165.307999
164.882996
165.138000
165.307999
165.154999
165.087006
165.154999
165.154999
165.154999
165.172012
164.916992
165.307999
165.052994
165.223007
165.307999
165.154999
165.936996
164.865997
165.324997
164.848999
165.052994
165.138000
164.900009
165.104004
164.797989
165.138000
165.138000
165.291000
165.052994
165.036011
164.764008
165.052994
165.138000
165.138000
165.154999
165.138000
165.307999
164.900009
165.307999
164.695999
165.138000
165.324997
164.882996
165.172012
165.052994
165.307999
165.154999
165.307999
165.154999
165.324997
root@raspberrypi:/home/pi/myInt# ./cint 
164.457993
164.338989
164.321991
164.628006
164.526001
164.526001
164.645004
164.423996
165.223007
164.457993
164.474991
164.457993
164.526001
164.186005
164.593994
164.492004
164.933990
164.474991
164.610992
164.679001
164.441010
164.662003
164.610992
164.679001
164.764008
164.305008
164.746994
164.645004
164.746994
164.593994
164.559998
164.610992
165.052994
164.559998
164.559998
164.593994
164.713013
164.373001
164.338989
164.628006
164.662003
164.610992
164.526001
164.645004
164.695999
164.542999
164.645004
164.610992
164.645004
164.559998
164.492004
164.645004
164.577011
164.645004
164.679001
165.001999
164.373001
164.628006
164.695999
164.610992
164.628006
164.492004
164.509003
164.781006
165.138000
164.559998
164.679001
164.492004
164.662003
164.729996
164.577011
164.610992
164.593994
164.797989
164.492004
164.559998
164.695999
164.645004
164.679001
164.695999
164.797989
164.729996
164.356003
164.577011
164.577011
164.151993
164.593994
164.338989
164.474991
164.746994
163.574005
164.406998
164.492004
164.389999
164.389999
164.220001
164.559998
164.356003
164.356003
164.474991
root@raspberrypi:/home/pi/myInt# 
